geocommit (1.0)
lat: 40.7887871
long: -73.9688965
hacc: 44.0
src: nmg
