geocommit (1.0)
lat: 40.788522
long: -73.969209
hacc: 62.0
src: nmg
