geocommit (1.0)
lat: 40.7887807
long: -73.9689291
hacc: 31.0
src: nmg
