geocommit (1.0)
lat: 40.78878
long: -73.9689137
hacc: 38.0
src: nmg
