geocommit (1.0)
lat: 40.7887842
long: -73.96889
hacc: 40.0
src: nmg
