geocommit (1.0)
lat: 40.7887949
long: -73.9688702
hacc: 48.0
src: nmg
