geocommit (1.0)
lat: 40.7888214
long: -73.9689075
hacc: 74.0
src: nmg
