geocommit (1.0)
lat: 40.7888197
long: -73.96887
hacc: 34.0
src: nmg
