geocommit (1.0)
lat: 40.7888342
long: -73.9688996
hacc: 63.0
src: nmg
