geocommit (1.0)
lat: 40.788819
long: -73.9688575
hacc: 71.0
src: nmg
