geocommit (1.0)
lat: 40.7887959
long: -73.9688988
hacc: 40.0
src: nmg
