geocommit (1.0)
lat: 40.7888057
long: -73.9688742
hacc: 40.0
src: nmg
