geocommit (1.0)
lat: 40.7888247
long: -73.9689052
hacc: 71.0
src: nmg
