geocommit (1.0)
lat: 40.7887837
long: -73.9689471
hacc: 36.0
src: nmg
