geocommit (1.0)
lat: 40.7887874
long: -73.9689036
hacc: 39.0
src: nmg
