geocommit (1.0)
lat: 40.788772
long: -73.9689409
hacc: 36.0
src: nmg
