geocommit (1.0)
lat: 40.7888036
long: -73.9688948
hacc: 64.0
src: nmg
