geocommit (1.0)
lat: 40.7887829
long: -73.9689224
hacc: 38.0
src: nmg
