geocommit (1.0)
lat: 40.7887715
long: -73.9688994
hacc: 67.0
src: nmg
