geocommit (1.0)
lat: 40.7887634
long: -73.968938
hacc: 36.0
src: nmg
