geocommit (1.0)
lat: 40.7888622
long: -73.9688937
hacc: 59.0
src: nmg
