geocommit (1.0)
lat: 49.0090106
long: 8.4232653
hacc: 42.0
src: nmg
