geocommit (1.0)
lat: 40.7888056
long: -73.9689161
hacc: 39.0
src: nmg
