geocommit (1.0)
lat: 40.7888591
long: -73.9689204
hacc: 60.0
src: nmg
