geocommit (1.0)
lat: 40.788795
long: -73.9689033
hacc: 31.0
src: nmg
