geocommit (1.0)
lat: 40.7888488
long: -73.9688821
hacc: 60.0
src: nmg
