geocommit (1.0)
lat: 49.0090363
long: 8.4232932
hacc: 60.0
src: nmg
