geocommit (1.0)
lat: 40.7888404
long: -73.9688902
hacc: 70.0
src: nmg
