geocommit (1.0)
lat: 40.7887836
long: -73.9689108
hacc: 30.0
src: nmg
