geocommit (1.0)
lat: 40.7887762
long: -73.9688945
hacc: 39.0
src: nmg
