geocommit (1.0)
lat: 40.7887826
long: -73.9689508
hacc: 36.0
src: nmg
