geocommit (1.0)
lat: 40.7887476
long: -73.9689238
hacc: 36.0
src: nmg
