geocommit (1.0)
lat: 40.7887878
long: -73.9688734
hacc: 32.0
src: nmg
