geocommit (1.0)
lat: 49.0090148
long: 8.4232536
hacc: 57.0
src: nmg
