geocommit (1.0)
lat: 49.0090103
long: 8.4232664
hacc: 42.0
src: nmg
