geocommit (1.0)
lat: 40.7887624
long: -73.9689061
hacc: 37.0
src: nmg
