geocommit (1.0)
lat: 40.7887857
long: -73.9688985
hacc: 39.0
src: nmg
