geocommit (1.0)
lat: 40.7888229
long: -73.9689268
hacc: 40.0
src: nmg
