geocommit (1.0)
lat: 40.788814
long: -73.9689086
hacc: 32.0
src: nmg
