geocommit (1.0)
lat: 40.7888309
long: -73.9688934
hacc: 62.0
src: nmg
