geocommit (1.0)
lat: 40.7887539
long: -73.9688463
hacc: 39.0
src: nmg
