geocommit (1.0)
lat: 40.7887472
long: -73.9689173
hacc: 36.0
src: nmg
