geocommit (1.0)
lat: 40.788785
long: -73.9688906
hacc: 38.0
src: nmg
