geocommit (1.0)
lat: 40.7887536
long: -73.968846
hacc: 39.0
src: nmg
