geocommit (1.0)
lat: 40.7888087
long: -73.9689332
hacc: 39.0
src: nmg
