geocommit (1.0)
lat: 40.7888209
long: -73.9688763
hacc: 70.0
src: nmg
