geocommit (1.0)
lat: 40.7887786
long: -73.9689102
hacc: 38.0
src: nmg
