geocommit (1.0)
lat: 40.7887887
long: -73.9689029
hacc: 39.0
src: nmg
