geocommit (1.0)
lat: 40.7888362
long: -73.9689224
hacc: 41.0
src: nmg
