geocommit (1.0)
lat: 40.7887744
long: -73.9688612
hacc: 39.0
src: nmg
