geocommit (1.0)
lat: 40.7887621
long: -73.9688982
hacc: 38.0
src: nmg
