geocommit (1.0)
lat: 40.7887546
long: -73.9689026
hacc: 37.0
src: nmg
