geocommit (1.0)
lat: 40.788798
long: -73.9689093
hacc: 39.0
src: nmg
