geocommit (1.0)
lat: 40.7887847
long: -73.968916
hacc: 31.0
src: nmg
