geocommit (1.0)
lat: 40.7887656
long: -73.9688984
hacc: 38.0
src: nmg
