geocommit (1.0)
lat: 40.7888397
long: -73.968885
hacc: 65.0
src: nmg
