geocommit (1.0)
lat: 40.7888069
long: -73.9688864
hacc: 39.0
src: nmg
