geocommit (1.0)
lat: 40.7887978
long: -73.9688823
hacc: 75.0
src: nmg
