geocommit (1.0)
lat: 40.7887767
long: -73.9688926
hacc: 37.0
src: nmg
