geocommit (1.0)
lat: 40.7888127
long: -73.9688793
hacc: 33.0
src: nmg
