geocommit (1.0)
lat: 40.7887693
long: -73.9689079
hacc: 38.0
src: nmg
