geocommit (1.0)
lat: 40.7887765
long: -73.9689288
hacc: 37.0
src: nmg
