geocommit (1.0)
lat: 40.7888289
long: -73.9689006
hacc: 42.0
src: nmg
