geocommit (1.0)
lat: 40.7888032
long: -73.968893
hacc: 39.0
src: nmg
