geocommit (1.0)
lat: 40.7887788
long: -73.9689108
hacc: 31.0
src: nmg
