geocommit (1.0)
lat: 40.7887821
long: -73.9688959
hacc: 37.0
src: nmg
