geocommit (1.0)
lat: 40.7887778
long: -73.9688586
hacc: 39.0
src: nmg
