geocommit (1.0)
lat: 40.7888116
long: -73.9689334
hacc: 64.0
src: nmg
