geocommit (1.0)
lat: 40.788769
long: -73.9688709
hacc: 77.0
src: nmg
