geocommit (1.0)
lat: 40.7888153
long: -73.9688944
hacc: 41.0
src: nmg
