geocommit (1.0)
lat: 40.7887881
long: -73.9689607
hacc: 32.0
src: nmg
