geocommit (1.0)
lat: 40.7887837
long: -73.9688939
hacc: 31.0
src: nmg
