geocommit (1.0)
lat: 40.7888072
long: -73.9688986
hacc: 32.0
src: nmg
