geocommit (1.0)
lat: 32.2075951
long: -80.6810127
hacc: 37.0
src: nmg
