geocommit (1.0)
lat: 40.7888019
long: -73.9689236
hacc: 37.0
src: nmg
