geocommit (1.0)
lat: 40.7888135
long: -73.9689206
hacc: 40.0
src: nmg
