geocommit (1.0)
lat: 40.7887939
long: -73.9689265
hacc: 38.0
src: nmg
