geocommit (1.0)
lat: 40.7888074
long: -73.9689191
hacc: 31.0
src: nmg
