geocommit (1.0)
lat: 40.788834
long: -73.9689425
hacc: 40.0
src: nmg
