geocommit (1.0)
lat: 40.7887801
long: -73.9688956
hacc: 39.0
src: nmg
