geocommit (1.0)
lat: 40.7887884
long: -73.9689076
hacc: 30.0
src: nmg
