geocommit (1.0)
lat: 40.7887871
long: -73.9688966
hacc: 31.0
src: nmg
