geocommit (1.0)
lat: 40.7888191
long: -73.9688558
hacc: 71.0
src: nmg
