geocommit (1.0)
lat: 40.788802
long: -73.9688821
hacc: 32.0
src: nmg
