geocommit (1.0)
lat: 40.7887925
long: -73.9689276
hacc: 38.0
src: nmg
