geocommit (1.0)
lat: 40.7887899
long: -73.9689154
hacc: 39.0
src: nmg
