geocommit (1.0)
lat: 40.788533
long: -73.9691868
hacc: 73.0
src: nmg
