geocommit (1.0)
lat: 40.7885336
long: -73.9691824
hacc: 73.0
src: nmg
